x	y	z	Name	Colour (red)	Colour (green)	Colour (blue)
508222.2999	5899932.2721	0.0000	LineP2	0	140	0
508222.7015	5899931.3484	0.0000	LineP2	0	140	0
508222.7015	5899931.2681	0.0000	LineP2	0	140	0
508222.3401	5899929.7822	0.0000	LineP2	0	140	0
508222.3401	5899929.7420	0.0000	LineP2	0	140	0
508222.6212	5899928.4569	0.0000	LineP2	0	140	0
508222.6212	5899928.4167	0.0000	LineP2	0	140	0
508222.7015	5899928.3364	0.0000	LineP2	0	140	0
508222.7417	5899928.2963	0.0000	LineP2	0	140	0
508222.7417	5899928.2561	0.0000	LineP2	0	140	0
508222.7417	5899928.1758	0.0000	LineP2	0	140	0
508222.9023	5899927.3324	0.0000	LineP2	0	140	0
508222.9425	5899927.2923	0.0000	LineP2	0	140	0
508223.1031	5899927.0915	0.0000	LineP2	0	140	0
508224.7497	5899926.2883	0.0000	LineP2	0	140	0
508225.1111	5899925.3244	0.0000	LineP2	0	140	0
508225.1111	5899925.2843	0.0000	LineP2	0	140	0
508224.4284	5899923.6779	0.0000	LineP2	0	140	0
508224.3481	5899923.5975	0.0000	LineP2	0	140	0
508224.3079	5899923.4369	0.0000	LineP2	0	140	0
508223.8260	5899922.0715	0.0000	LineP2	0	140	0
508223.7858	5899922.0715	0.0000	LineP2	0	140	0
508223.7457	5899921.9911	0.0000	LineP2	0	140	0
508222.7015	5899920.3847	0.0000	LineP2	0	140	0
508219.8903	5899918.4972	0.0000	LineP2	0	140	0
508218.2036	5899916.8105	0.0000	LineP2	0	140	0
508218.1634	5899916.7703	0.0000	LineP2	0	140	0
508216.5570	5899915.4451	0.0000	LineP2	0	140	0
508214.3081	5899913.8387	0.0000	LineP2	0	140	0
508212.9025	5899912.1118	0.0000	LineP2	0	140	0
508211.9386	5899910.5054	0.0000	LineP2	0	140	0
508211.9386	5899910.4652	0.0000	LineP2	0	140	0
508211.7378	5899909.1801	0.0000	LineP2	0	140	0
508211.6575	5899909.1400	0.0000	LineP2	0	140	0
508211.6174	5899909.0596	0.0000	LineP2	0	140	0
508209.8102	5899907.3729	0.0000	LineP2	0	140	0
508209.6897	5899907.2926	0.0000	LineP2	0	140	0
508206.5974	5899906.0878	0.0000	LineP2	0	140	0
508206.5572	5899906.0878	0.0000	LineP2	0	140	0
508204.3083	5899905.2444	0.0000	LineP2	0	140	0
508204.2681	5899905.2444	0.0000	LineP2	0	140	0
508204.1075	5899905.1240	0.0000	LineP2	0	140	0
508202.8223	5899904.4011	0.0000	LineP2	0	140	0
508202.2199	5899904.2806	0.0000	LineP2	0	140	0
508201.1356	5899904.6822	0.0000	LineP2	0	140	0
508199.9308	5899905.2846	0.0000	LineP2	0	140	0
508198.3646	5899905.6460	0.0000	LineP2	0	140	0
508196.4369	5899905.5256	0.0000	LineP2	0	140	0
508196.4369	5899905.4452	0.0000	LineP2	0	140	0
508195.6739	5899904.7625	0.0000	LineP2	0	140	0
508193.6257	5899904.5617	0.0000	LineP2	0	140	0
508191.4169	5899905.0035	0.0000	LineP2	0	140	0
508189.4089	5899905.6862	0.0000	LineP2	0	140	0
508189.3688	5899905.7264	0.0000	LineP2	0	140	0
508187.4411	5899906.8107	0.0000	LineP2	0	140	0
508185.8347	5899907.0918	0.0000	LineP2	0	140	0
508184.2684	5899907.2926	0.0000	LineP2	0	140	0
508180.5737	5899916.4491	0.0000	LineP2	0	140	0
508182.4211	5899917.3326	0.0000	LineP2	0	140	0
508184.7905	5899917.8145	0.0000	LineP2	0	140	0
508188.2443	5899919.1799	0.0000	LineP2	0	140	0
508190.2523	5899919.9028	0.0000	LineP2	0	140	0
508192.0595	5899920.2643	0.0000	LineP2	0	140	0
508193.1839	5899920.5052	0.0000	LineP2	0	140	0
508193.2643	5899920.5052	0.0000	LineP2	0	140	0
508195.5534	5899921.1076	0.0000	LineP2	0	140	0
508198.0835	5899922.6337	0.0000	LineP2	0	140	0
508199.2481	5899924.1196	0.0000	LineP2	0	140	0
508200.7340	5899925.7260	0.0000	LineP2	0	140	0
508201.3766	5899927.1718	0.0000	LineP2	0	140	0
508201.6175	5899927.9750	0.0000	LineP2	0	140	0
508201.9388	5899929.7420	0.0000	LineP2	0	140	0
508201.9790	5899929.7822	0.0000	LineP2	0	140	0
508203.3043	5899931.6697	0.0000	LineP2	0	140	0
508204.5091	5899933.3966	0.0000	LineP2	0	140	0
508204.5492	5899933.3966	0.0000	LineP2	0	140	0
508204.6295	5899933.4367	0.0000	LineP2	0	140	0
508204.6295	5899933.4769	0.0000	LineP2	0	140	0
508205.4327	5899934.1596	0.0000	LineP2	0	140	0
508206.2761	5899934.2399	0.0000	LineP2	0	140	0
508206.0351	5899933.1556	0.0000	LineP2	0	140	0
508205.9950	5899932.3122	0.0000	LineP2	0	140	0
508206.3966	5899931.3484	0.0000	LineP2	0	140	0
508207.1596	5899931.2279	0.0000	LineP2	0	140	0
508207.2399	5899931.2279	0.0000	LineP2	0	140	0
508207.2801	5899931.2279	0.0000	LineP2	0	140	0
508207.3604	5899931.3484	0.0000	LineP2	0	140	0
508208.7660	5899931.7902	0.0000	LineP2	0	140	0
508208.8062	5899931.8303	0.0000	LineP2	0	140	0
508208.8865	5899931.8303	0.0000	LineP2	0	140	0
508209.7700	5899932.1918	0.0000	LineP2	0	140	0
508209.8102	5899932.2319	0.0000	LineP2	0	140	0
508209.9306	5899932.3524	0.0000	LineP2	0	140	0
508211.3362	5899932.9548	0.0000	LineP2	0	140	0
508212.7820	5899933.3162	0.0000	LineP2	0	140	0
508215.3121	5899933.1154	0.0000	LineP2	0	140	0
508222.2999	5899932.2721	0.0000	LineP2	0	140	0
