x	y	z	Name	Colour (red)	Colour (green)	Colour (blue)
508057.8850	5899737.6971	0.0000	LineP4	146	219	0
508058.9694	5899739.6248	0.0000	LineP4	146	219	0
508061.8609	5899744.1628	0.0000	LineP4	146	219	0
508063.9894	5899745.8496	0.0000	LineP4	146	219	0
508065.6359	5899747.8576	0.0000	LineP4	146	219	0
508068.1258	5899750.7089	0.0000	LineP4	146	219	0
508069.1700	5899751.4720	0.0000	LineP4	146	219	0
508070.4150	5899753.8012	0.0000	LineP4	146	219	0
508072.7041	5899755.4478	0.0000	LineP4	146	219	0
508074.0294	5899757.2952	0.0000	LineP4	146	219	0
508076.2783	5899759.2228	0.0000	LineP4	146	219	0
508078.6076	5899763.1987	0.0000	LineP4	146	219	0
508081.5794	5899766.1705	0.0000	LineP4	146	219	0
508083.1858	5899767.3351	0.0000	LineP4	146	219	0
508083.1858	5899767.3753	0.0000	LineP4	146	219	0
508084.2701	5899769.5038	0.0000	LineP4	146	219	0
508085.1135	5899774.4836	0.0000	LineP4	146	219	0
508088.8082	5899780.7084	0.0000	LineP4	146	219	0
508091.3383	5899782.5959	0.0000	LineP4	146	219	0
508091.3785	5899782.6361	0.0000	LineP4	146	219	0
508091.4186	5899782.6361	0.0000	LineP4	146	219	0
508091.4186	5899782.7164	0.0000	LineP4	146	219	0
508094.7519	5899784.1220	0.0000	LineP4	146	219	0
508094.7921	5899784.2023	0.0000	LineP4	146	219	0
508097.0008	5899785.7284	0.0000	LineP4	146	219	0
508097.0410	5899785.7686	0.0000	LineP4	146	219	0
508097.0812	5899785.8087	0.0000	LineP4	146	219	0
508097.1213	5899785.9694	0.0000	LineP4	146	219	0
508098.8482	5899787.8970	0.0000	LineP4	146	219	0
508099.1293	5899787.9774	0.0000	LineP4	146	219	0
508099.1695	5899787.9774	0.0000	LineP4	146	219	0
508101.2578	5899789.6239	0.0000	LineP4	146	219	0
508103.5871	5899792.6761	0.0000	LineP4	146	219	0
508105.4480	5899795.1917	0.0000	LineP4	146	219	0
508107.7637	5899798.0977	0.0000	LineP4	146	219	0
508109.4103	5899801.7924	0.0000	LineP4	146	219	0
508110.2334	5899801.3926	0.0000	LineP4	146	219	0
508110.6223	5899800.4686	0.0000	LineP4	146	219	0
508110.8962	5899800.4671	0.0000	LineP4	146	219	0
508111.7117	5899802.1732	0.0000	LineP4	146	219	0
508111.7396	5899802.0333	0.0000	LineP4	146	219	0
508111.8199	5899802.3145	0.0000	LineP4	146	219	0
508112.8594	5899803.9754	0.0000	LineP4	146	219	0
508113.1853	5899803.9610	0.0000	LineP4	146	219	0
508115.4343	5899805.8084	0.0000	LineP4	146	219	0
508115.5949	5899805.9690	0.0000	LineP4	146	219	0
508119.0487	5899810.0252	0.0000	LineP4	146	219	0
508122.0205	5899813.7601	0.0000	LineP4	146	219	0
508124.6309	5899820.9487	0.0000	LineP4	146	219	0
508128.1650	5899826.8924	0.0000	LineP4	146	219	0
508129.4099	5899830.2658	0.0000	LineP4	146	219	0
508130.8229	5899831.5610	0.0000	LineP4	146	219	0
508124.3307	5899848.2203	0.0000	LineP4	146	219	0
508123.7072	5899847.9763	0.0000	LineP4	146	219	0
508123.6671	5899847.9763	0.0000	LineP4	146	219	0
508120.9362	5899848.7795	0.0000	LineP4	146	219	0
508118.2053	5899849.9843	0.0000	LineP4	146	219	0
508118.1250	5899849.9843	0.0000	LineP4	146	219	0
508116.3579	5899850.1450	0.0000	LineP4	146	219	0
508116.2776	5899850.1450	0.0000	LineP4	146	219	0
508111.9002	5899846.8920	0.0000	LineP4	146	219	0
508111.8600	5899846.8519	0.0000	LineP4	146	219	0
508111.8199	5899846.8117	0.0000	LineP4	146	219	0
508109.7316	5899843.6792	0.0000	LineP4	146	219	0
508108.3260	5899839.3018	0.0000	LineP4	146	219	0
508108.4464	5899835.7276	0.0000	LineP4	146	219	0
508104.8722	5899832.2336	0.0000	LineP4	146	219	0
508103.5871	5899831.7116	0.0000	LineP4	146	219	0
508103.5469	5899831.7116	0.0000	LineP4	146	219	0
508102.5831	5899829.1012	0.0000	LineP4	146	219	0
508101.3783	5899826.5309	0.0000	LineP4	146	219	0
508101.3783	5899826.4908	0.0000	LineP4	146	219	0
508100.0932	5899824.7237	0.0000	LineP4	146	219	0
508100.0128	5899824.6434	0.0000	LineP4	146	219	0
508097.8844	5899823.6796	0.0000	LineP4	146	219	0
508096.2780	5899823.4386	0.0000	LineP4	146	219	0
508095.1133	5899821.1896	0.0000	LineP4	146	219	0
508094.3503	5899819.4628	0.0000	LineP4	146	219	0
508094.2700	5899819.3824	0.0000	LineP4	146	219	0
508094.2298	5899819.2620	0.0000	LineP4	146	219	0
508094.1897	5899819.2218	0.0000	LineP4	146	219	0
508094.1495	5899819.2218	0.0000	LineP4	146	219	0
508092.4628	5899816.9327	0.0000	LineP4	146	219	0
508092.4628	5899816.8925	0.0000	LineP4	146	219	0
508090.6154	5899814.8042	0.0000	LineP4	146	219	0
508088.6983	5899812.0777	0.0000	LineP4	146	219	0
508086.0372	5899808.1377	0.0000	LineP4	146	219	0
508082.5433	5899804.0815	0.0000	LineP4	146	219	0
508080.0132	5899800.8687	0.0000	LineP4	146	219	0
508080.0132	5899800.8285	0.0000	LineP4	146	219	0
508076.2783	5899798.2181	0.0000	LineP4	146	219	0
508074.7924	5899795.7282	0.0000	LineP4	146	219	0
508074.7121	5899795.6881	0.0000	LineP4	146	219	0
508071.6599	5899793.3186	0.0000	LineP4	146	219	0
508068.6078	5899790.2665	0.0000	LineP4	146	219	0
508068.5676	5899790.2665	0.0000	LineP4	146	219	0
508066.7202	5899787.9372	0.0000	LineP4	146	219	0
508064.3910	5899786.7324	0.0000	LineP4	146	219	0
508063.3066	5899785.4874	0.0000	LineP4	146	219	0
508061.6601	5899781.5116	0.0000	LineP4	146	219	0
508060.7364	5899779.6241	0.0000	LineP4	146	219	0
508060.7364	5899779.5839	0.0000	LineP4	146	219	0
508059.4111	5899778.6603	0.0000	LineP4	146	219	0
508058.4473	5899776.6523	0.0000	LineP4	146	219	0
508056.3188	5899772.8371	0.0000	LineP4	146	219	0
508054.7927	5899771.6724	0.0000	LineP4	146	219	0
508054.7124	5899771.6724	0.0000	LineP4	146	219	0
508053.5076	5899769.9857	0.0000	LineP4	146	219	0
508051.5398	5899768.5399	0.0000	LineP4	146	219	0
508051.4996	5899768.4998	0.0000	LineP4	146	219	0
508049.4515	5899768.5399	0.0000	LineP4	146	219	0
508047.8049	5899769.3030	0.0000	LineP4	146	219	0
508047.7647	5899769.3030	0.0000	LineP4	146	219	0
508047.7246	5899769.3030	0.0000	LineP4	146	219	0
508046.5198	5899769.1423	0.0000	LineP4	146	219	0
508046.4796	5899769.1022	0.0000	LineP4	146	219	0
508046.4395	5899769.0620	0.0000	LineP4	146	219	0
508044.3913	5899767.6966	0.0000	LineP4	146	219	0
508042.9054	5899765.8894	0.0000	LineP4	146	219	0
508042.0219	5899763.8814	0.0000	LineP4	146	219	0
508041.9817	5899761.9135	0.0000	LineP4	146	219	0
508042.2806	5899760.1239	0.0000	LineP4	146	219	0
508041.8778	5899757.6491	0.0000	LineP4	146	219	0
508041.4195	5899754.6044	0.0000	LineP4	146	219	0
508041.1785	5899752.2752	0.0000	LineP4	146	219	0
508041.2187	5899752.2752	0.0000	LineP4	146	219	0
508041.3391	5899750.9499	0.0000	LineP4	146	219	0
508040.8171	5899749.6648	0.0000	LineP4	146	219	0
508040.8171	5899749.5844	0.0000	LineP4	146	219	0
508040.8171	5899749.5041	0.0000	LineP4	146	219	0
508040.6564	5899747.8174	0.0000	LineP4	146	219	0
508040.6163	5899747.6568	0.0000	LineP4	146	219	0
508040.0942	5899745.8897	0.0000	LineP4	146	219	0
508040.1343	5899745.8496	0.0000	LineP4	146	219	0
508040.0540	5899744.2030	0.0000	LineP4	146	219	0
508040.1343	5899742.0745	0.0000	LineP4	146	219	0
508040.0540	5899741.9942	0.0000	LineP4	146	219	0
508038.0862	5899740.5886	0.0000	LineP4	146	219	0
508035.4758	5899739.5846	0.0000	LineP4	146	219	0
508033.5080	5899738.5806	0.0000	LineP4	146	219	0
508039.3713	5899730.0265	0.0000	LineP4	146	219	0
508040.7769	5899730.7494	0.0000	LineP4	146	219	0
508042.3030	5899731.0707	0.0000	LineP4	146	219	0
508042.3431	5899731.0707	0.0000	LineP4	146	219	0
508043.6684	5899731.2313	0.0000	LineP4	146	219	0
508045.4355	5899731.1109	0.0000	LineP4	146	219	0
508045.4756	5899731.0707	0.0000	LineP4	146	219	0
508047.1623	5899730.5486	0.0000	LineP4	146	219	0
508047.2025	5899730.5486	0.0000	LineP4	146	219	0
508047.2828	5899730.5085	0.0000	LineP4	146	219	0
508048.2065	5899729.8659	0.0000	LineP4	146	219	0
508048.3671	5899729.8659	0.0000	LineP4	146	219	0
508048.4876	5899729.8659	0.0000	LineP4	146	219	0
508049.3310	5899729.7856	0.0000	LineP4	146	219	0
508049.3711	5899729.8257	0.0000	LineP4	146	219	0
508050.6563	5899731.2715	0.0000	LineP4	146	219	0
508050.7366	5899731.3518	0.0000	LineP4	146	219	0
508052.1823	5899732.5165	0.0000	LineP4	146	219	0
508052.2225	5899732.5566	0.0000	LineP4	146	219	0
508053.4675	5899733.4803	0.0000	LineP4	146	219	0
508053.5076	5899733.5205	0.0000	LineP4	146	219	0
508053.5478	5899733.5205	0.0000	LineP4	146	219	0
508053.5478	5899733.6008	0.0000	LineP4	146	219	0
508053.5879	5899733.6409	0.0000	LineP4	146	219	0
508055.1140	5899734.6048	0.0000	LineP4	146	219	0
508055.1542	5899734.6449	0.0000	LineP4	146	219	0
508056.3991	5899735.9702	0.0000	LineP4	146	219	0
508056.4393	5899736.0104	0.0000	LineP4	146	219	0
508056.4393	5899736.0505	0.0000	LineP4	146	219	0
508056.4393	5899736.1309	0.0000	LineP4	146	219	0
508057.8850	5899737.6971	0.0000	LineP4	146	219	0
